7.999856105207029167e+00 2.385116864807778256e+02 6.082762530298219339e+00
7.499766805661917779e+00 2.429706275010624097e+02 4.235858826731599081e+00
7.000056768769882254e+00 2.506104825545289714e+02 5.178889842427622625e+00
6.499678627528494346e+00 2.489911115835537885e+02 6.119027700541976422e+00
6.021494909141890339e+00 2.380804290400544119e+02 5.869412236331676525e+00
5.500038395654654799e+00 2.392244862058893204e+02 5.499318139551482076e+00
5.000517786836690348e+00 2.361997924269551277e+02 5.280151512977635520e+00
4.499478023144562577e+00 2.336813819609945995e+02 6.920260110718382762e+00
3.999955881131703084e+00 2.260566440613439738e+02 6.119027700541976422e+00
3.499551679383358760e+00 2.141565231477225666e+02 7.530106240950389385e+00
2.999657173954741296e+00 2.118710697540932699e+02 1.102009528089480739e+01
2.499555585623871590e+00 2.049296571402553013e+02 1.159525765129865249e+01
2.000675793513142064e+00 2.119784041298746047e+02 1.116880588961953258e+01
