
-87.100000  -0.212185
-85.800000  -0.041163
-84.500000  0.035772
-83.200000  -0.054884
-81.900000  0.009065
-80.600000  0.131083
-79.300000  0.101191
-78.000000  -0.073751
-76.700000  -0.141620
-75.400000  -0.026707
-74.100000  0.008330
-72.800000  0.043122
-71.500000  0.047288
-70.200000  -0.064195
-68.900000  0.014700
-67.600000  0.012250
-66.300000  -0.077671
-65.000000  0.015190
-63.700000  0.063459
-62.400000  0.059784
-61.100000  0.049738
-59.800000  0.099721
-58.500000  0.068604
-57.200000  0.038712
-55.900000  0.118098
-54.600000  0.123243
-53.300000  -0.096537
-52.000000  -0.159507
-50.700000  -0.082816
-49.400000  -0.065175
-48.100000  -0.004166
-46.800000  0.018376
-45.500000  0.055618
-44.200000  0.016416
-42.900000  0.055373
-41.600000  0.207774
-40.300000  0.109522
-39.000000  0.003430
-37.700000  -0.029648
-36.400000  -0.007841
-35.100000  0.048513
-33.800000  0.000244
-32.500000  0.044347
-31.200000  0.172001
-29.900000  0.221985
-28.600000  0.148970
-27.300000  0.051698
-26.000000  -0.044104
-24.700000  -0.028423
-23.400000  0.011025
-22.100000  0.049248
-20.800000  0.158280
-19.500000  0.175921
-18.200000  0.321216
-16.900000  0.456221
-15.600000  0.727209
-14.300000  1.175590
-13.000000  1.288298
-11.700000  1.374054
-10.400000  1.552426
-9.100000  1.654108
-7.800000  1.857717
-6.500000  2.012077
-5.200000  1.979980
-3.900000  2.112044
-2.600000  2.337460
-1.300000  2.344075
0.000000  2.147327
1.300000  2.069411
2.600000  2.153452
3.900000  2.534943
5.200000  3.257743
6.500000  3.925169
7.800000  4.218699
9.100000  4.390455
10.400000  4.752100
11.700000  5.071357
13.000000  5.413891
14.300000  5.689290
15.600000  5.644451
16.900000  5.514593
18.200000  5.422221
19.500000  5.432757
20.800000  5.683164
22.100000  6.022022
23.400000  6.544888
24.700000  7.190752
26.000000  7.540391
27.300000  7.551417
28.600000  7.415678
29.900000  7.161841
31.200000  6.821022
32.500000  6.356960
33.800000  5.658907
35.100000  4.861868
36.400000  4.303965
37.700000  3.927619
39.000000  3.474338
40.300000  2.980629
41.600000  2.591787
42.900000  2.300462
44.200000  2.089993
45.500000  1.950333
46.800000  1.753095
48.100000  1.523269
49.400000  1.192251
50.700000  0.859273
52.000000  0.667915
53.300000  0.542712
54.600000  0.417018
55.900000  0.319011
57.200000  0.361154
58.500000  0.452300
59.800000  0.477782
61.100000  0.493708
62.400000  0.532666
63.700000  0.785523
65.000000  1.046221
66.300000  1.180245
67.600000  1.576193
68.900000  1.809449
70.200000  1.586483
71.500000  1.264286
72.800000  1.111641
74.100000  0.997218
75.400000  0.709813
76.700000  0.379530
78.000000  0.315336
79.300000  0.252367
80.600000  0.059294
81.900000  0.209489
83.200000  0.320236
84.500000  0.232520
85.800000  0.223210
87.100000  0.273683
88.400000  0.368505
89.700000  0.469697
91.000000  0.424124
92.300000  0.270988
93.600000  0.264863
94.900000  0.309456
96.200000  0.332732
97.500000  0.301860
98.800000  0.176657
100.100000  0.064194
101.400000  0.071789
102.700000  0.150685
104.000000  0.182537
105.300000  0.193073
106.600000  0.164651
107.900000  0.215859
109.200000  0.159505
110.500000  -0.004411
111.800000  0.035772
113.100000  0.205814
114.400000  0.158035
115.700000  0.138924
117.000000  0.293530
118.300000  0.308476
119.600000  0.245506
120.900000  0.302840
122.200000  0.321216
123.500000  0.367525
124.800000  0.459161
126.100000  0.452055
127.400000  0.432699
128.700000  0.320236
130.000000  0.389576
131.300000  0.366545
132.600000  0.198218
133.900000  0.202383
135.200000  0.154360
136.500000  0.122998
137.800000  0.161711
139.100000  0.116872
140.400000  -0.036998
141.700000  0.030627
143.000000  0.082325
144.300000  0.053658
145.600000  0.162936
146.900000  0.185967
148.200000  0.065909
149.500000  -0.018867
150.800000  0.130103
152.100000  0.265353
153.400000  0.326362
154.700000  0.339103
156.000000  0.433189
157.300000  0.510369
158.600000  0.408687
159.900000  0.327097
161.200000  0.404522
162.500000  0.477537
163.800000  0.330282
165.100000  0.226885
166.400000  0.153870
167.700000  0.098006
169.000000  0.195278
170.300000  0.172736
171.600000  0.270253
172.900000  0.315826
174.200000  0.225170
175.500000  0.104132
176.800000  0.024746
178.100000  0.056353
179.400000  0.057088
180.700000  -0.014457
182.000000  -0.031608
183.300000  -0.094087
184.600000  -0.146766
185.900000  -0.184008
187.200000  -0.064685
188.500000  0.037487
189.800000  -0.025482
191.100000  -0.084776
192.400000  -0.097762
193.700000  0.040672
195.000000  0.052923
196.300000  -0.001471
197.600000  0.123488
198.900000  0.085020
200.200000  0.015681
201.500000  0.040427
202.800000  0.096046
204.100000  0.165631
205.400000  0.069094
206.700000  -0.003676
208.000000  0.003675
209.300000  -0.003676
210.600000  0.054638
211.900000  -0.002941
213.200000  -0.019847
214.500000  -0.004166
215.800000  -0.054639
217.100000  -0.075221
218.400000  -0.023522
219.700000  0.095311
221.000000  0.115157
222.300000  0.012985
223.600000  -0.051944
224.900000  -0.059295
226.200000  -0.049249
227.500000  0.018866
228.800000  -0.012251
230.100000  -0.069830
231.400000  -0.069585
232.700000  -0.020582
234.000000  -0.003676
235.300000  -0.036753
236.600000  -0.072281
237.900000  -0.204345
239.200000  -0.093107
240.500000  0.062234
241.800000  0.010535
243.100000  0.099966