
-318.500000  0.080120
-317.200000  -0.019847
-315.900000  -0.044594
-314.600000  -0.049249
-313.300000  0.073995
-312.000000  0.089431
-310.700000  -0.074241
-309.400000  -0.026707
-308.100000  -0.039693
-306.800000  -0.003186
-305.500000  0.018866
-304.200000  -0.069830
-302.900000  -0.096782
-301.600000  -0.045084
-300.300000  0.067624
-299.000000  0.058558
-297.700000  -0.148971
-296.400000  -0.092127
-295.100000  -0.018867
-293.800000  -0.003186
-292.500000  -0.000981
-291.200000  -0.089432
-289.900000  -0.105848
-288.600000  -0.031853
-287.300000  -0.051454
-286.000000  -0.038713
-284.700000  0.066154
-283.400000  0.071299
-282.100000  0.181802
-280.800000  0.201158
-279.500000  0.076935
-278.200000  0.027196
-276.900000  -0.088452
-275.600000  -0.094577
-274.300000  -0.095557
-273.000000  -0.030873
-271.700000  0.094821
-270.400000  0.098251
-269.100000  0.106337
-267.800000  0.092861
-266.500000  0.095801
-265.200000  -0.040183
-263.900000  -0.064685
-262.600000  0.048268
-261.300000  -0.025727
-260.000000  0.037487
-258.700000  0.204588
-257.400000  0.196013
-256.100000  0.023031
-254.800000  0.064439
-253.500000  0.180332
-252.200000  0.100946
-250.900000  0.013475
-249.600000  -0.053659
-248.300000  -0.098742
-247.000000  -0.045329
-245.700000  0.111237
-244.400000  0.092861
-243.100000  -0.010046
-241.800000  -0.054884
-240.500000  -0.021317
-239.200000  -0.005636
-237.900000  -0.116384
-236.600000  -0.125449
-235.300000  -0.005636
-234.000000  -0.037488
-232.700000  -0.128389
-231.400000  0.048758
-230.100000  0.128388
-228.800000  -0.051944
-227.500000  -0.125694
-226.200000  -0.025972
-224.900000  0.130593
-223.600000  0.116137
-222.300000  0.118098
-221.000000  0.184252
-219.700000  0.096781
-218.400000  0.103642
-217.100000  0.200668
-215.800000  0.106827
-214.500000  0.001715
-213.200000  0.065174
-211.900000  0.130103
-210.600000  0.205569
-209.300000  0.289854
-208.000000  0.342533
-206.700000  0.314356
-205.400000  0.234971
-204.100000  0.185967
-202.800000  0.166856
-201.500000  0.279074
-200.200000  0.239871
-198.900000  0.146519
-197.600000  0.215859
-196.300000  -0.032098
-195.000000  -0.165877
-193.700000  0.016906
-192.400000  -0.029648
-191.100000  -0.026952
-189.800000  0.127408
-188.500000  0.122753
-187.200000  0.073259
-185.900000  0.054393
-184.600000  0.056598
-183.300000  0.002450
-182.000000  -0.053169
-180.700000  -0.030873
-179.400000  -0.038223
-178.100000  -0.093352
-176.800000  -0.163182
-175.500000  -0.285445
-174.200000  -0.203855
-172.900000  -0.096292
-171.600000  -0.009556
-170.300000  0.028911
-169.000000  -0.149706
-167.700000  -0.118344
-166.400000  0.075955
-165.100000  0.019356
-163.800000  -0.031608
-162.500000  -0.141130
-161.200000  -0.140150
-159.900000  -0.058560
-158.600000  -0.099232
-157.300000  -0.124959
-156.000000  -0.054639
-154.700000  0.038222
-153.400000  -0.027442
-152.100000  -0.035038
-150.800000  -0.079631
-149.500000  -0.229581
-148.200000  -0.155586
-146.900000  -0.174208
-145.600000  -0.257758
-144.300000  -0.093597
-143.000000  0.031117
-141.700000  0.035527
-140.400000  0.133044
-139.100000  0.232765
-137.800000  0.179842
-136.500000  0.100456
-135.200000  -0.003186
-133.900000  0.014945
-132.600000  0.115647
-131.300000  0.190377
-130.000000  0.218554
-128.700000  0.113687
-127.400000  0.104377
-126.100000  0.224680
-124.800000  0.129858
-123.500000  0.202138
-122.200000  0.284464
-120.900000  0.191848
-119.600000  0.146519
-118.300000  0.084530
-117.000000  0.213899
-115.700000  0.286669
-114.400000  0.220515
-113.100000  0.302595
-111.800000  0.226885
-110.500000  0.050963
-109.200000  0.066644
-107.900000  0.089676
-106.600000  0.027931
-105.300000  0.047533
-104.000000  0.186457
-102.700000  0.218799
-101.400000  0.257267
-100.100000  0.252367
-98.800000  0.195278
-97.500000  0.248691
-96.200000  0.136964
-94.900000  -0.028177
-93.600000  -0.001961
-92.300000  -0.113198
-91.000000  -0.164652
-89.700000  0.065174
-88.400000  0.182292
-87.100000  0.184497
-85.800000  0.134759
-84.500000  0.034792
-83.200000  -0.043859
-81.900000  -0.009801
-80.600000  -0.040428
-79.300000  -0.142355
-78.000000  -0.168572
-76.700000  -0.144070
-75.400000  -0.089922
-74.100000  -0.058315
-72.800000  -0.067380
-71.500000  0.100211
-70.200000  0.260207
-68.900000  0.183517
-67.600000  -0.006861
-66.300000  -0.130595
-65.000000  -0.115403
-63.700000  -0.136230
-62.400000  -0.172247
-61.100000  -0.010781
-59.800000  0.071054
-58.500000  -0.024747
-57.200000  0.082570
-55.900000  0.292795
-54.600000  0.230315
-53.300000  0.120303
-52.000000  0.159260
-50.700000  0.200178
-49.400000  0.269518
-48.100000  0.407217
-46.800000  0.499344
-45.500000  0.494688
-44.200000  0.615727
-42.900000  0.665220
-41.600000  0.656889
-40.300000  0.819091
-39.000000  0.984722
-37.700000  1.125362
-36.400000  1.090569
-35.100000  1.063127
-33.800000  1.235129
-32.500000  1.599959
-31.200000  1.914806
-29.900000  1.998846
-28.600000  2.118170
-27.300000  2.473444
-26.000000  2.682443
-24.700000  2.406064
-23.400000  1.932692
-22.100000  1.572272
-20.800000  1.254240
-19.500000  0.936454
-18.200000  0.782338
-16.900000  0.719124
-15.600000  0.684576
-14.300000  0.749996
-13.000000  0.719369
-11.700000  0.656154
-10.400000  0.713733
-9.100000  0.514780
-7.800000  0.382716
-6.500000  0.551532
-5.200000  0.695357
-3.900000  0.844327
-2.600000  1.028825
-1.300000  1.956214
0.000000  4.031751
1.300000  5.390859
2.600000  5.836055
3.900000  5.615539
5.200000  5.190190
6.500000  5.645677
7.800000  6.233227
9.100000  6.452762
10.400000  6.221711
11.700000  5.745643
13.000000  4.899110
14.300000  3.678927
15.600000  2.665537
16.900000  2.701065
18.200000  3.381476
19.500000  3.473113
20.800000  2.962008
22.100000  2.487410
23.400000  2.162518
24.700000  1.625686
26.000000  1.051122
27.300000  0.636798
28.600000  0.294510
29.900000  0.251632
31.200000  0.344983
32.500000  0.416773
33.800000  0.492973
35.100000  0.455486
36.400000  0.459896
37.700000  0.668160
39.000000  0.676981
40.300000  0.411138
41.600000  0.406727
42.900000  0.565743
44.200000  0.528501
45.500000  0.456466
46.800000  0.612296
48.100000  0.706628
49.400000  0.786013
50.700000  0.842367
52.000000  0.781113
53.300000  0.794589
54.600000  0.733825
55.900000  0.719614
57.200000  0.828891
58.500000  0.884510
59.800000  0.842367
61.100000  0.951890
62.400000  1.139818
63.700000  1.224838
65.000000  1.322600
66.300000  1.345387
67.600000  1.412031
68.900000  1.500237
70.200000  1.606820
71.500000  1.767551
72.800000  1.738639
74.100000  1.777596
75.400000  1.735943
76.700000  1.683510
78.000000  1.773676
79.300000  1.870213
80.600000  1.943963
81.900000  1.964544
83.200000  2.060101
84.500000  2.152962
85.800000  2.129685
87.100000  2.173298
88.400000  2.261014
89.700000  2.142181
91.000000  2.048095
92.300000  1.916276
93.600000  1.879523
94.900000  1.930242
96.200000  1.925096
97.500000  1.882464
98.800000  1.708747
100.100000  1.549731
101.400000  1.392675
102.700000  1.308634
104.000000  1.316965
105.300000  1.290748
106.600000  1.201317
107.900000  0.988152
109.200000  0.911707
110.500000  0.830606
111.800000  0.648559
113.100000  0.716184
114.400000  0.828156
115.700000  0.790424
117.000000  0.780868
118.300000  0.791894
119.600000  0.681391
120.900000  0.817130
122.200000  0.914647
123.500000  0.707363
124.800000  0.492973
126.100000  0.602496
127.400000  0.844327
128.700000  0.808555
130.000000  0.780868
131.300000  0.867359
132.600000  0.879365
133.900000  0.839672
135.200000  0.769107
136.500000  0.673061
137.800000  0.712753
139.100000  0.866134
140.400000  0.928858
141.700000  0.858048
143.000000  0.905337
144.300000  0.997218
145.600000  1.028825
146.900000  1.147658
148.200000  1.261591
149.500000  1.279967
150.800000  1.168485
152.100000  1.022455
153.400000  0.926653
154.700000  0.854373
156.000000  0.856578
157.300000  0.832567
158.600000  0.826931
159.900000  0.903131
161.200000  0.998443
162.500000  1.010694
163.800000  0.982027
165.100000  1.040586
166.400000  1.123891
167.700000  1.182696
169.000000  1.092039
170.300000  0.916117
171.600000  0.744605
172.900000  0.672571
174.200000  0.736520
175.500000  0.729904
176.800000  0.695847
178.100000  0.540997
179.400000  0.320726
180.700000  0.271968
182.000000  0.344493
183.300000  0.270008
184.600000  0.116137
185.900000  0.038957
187.200000  0.092371
188.500000  0.060764
189.800000  -0.024012
191.100000  0.048758
192.400000  0.137944
193.700000  0.083550
195.000000  -0.021562
196.300000  -0.000246
197.600000  -0.015682
198.900000  0.021316
200.200000  0.077180
201.500000  0.137209
202.800000  0.096781
204.100000  0.061499
205.400000  0.091391
206.700000  0.130348
208.000000  0.153380
209.300000  0.115647
210.600000  0.150685
211.900000  0.295980
213.200000  0.312641
214.500000  0.288139
215.800000  0.299410
217.100000  0.249672
218.400000  0.290834
219.700000  0.317051
221.000000  0.267558
222.300000  0.313131
223.600000  0.265843
224.900000  0.178617
226.200000  0.195278
227.500000  0.197973
228.800000  0.279809
230.100000  0.399132
231.400000  0.387371
232.700000  0.376100
234.000000  0.312396
235.300000  0.313131
236.600000  0.444950
237.900000  0.405012
239.200000  0.389576
240.500000  0.304555
241.800000  0.179597
243.100000  0.210959
244.400000  0.186702
245.700000  0.203363
247.000000  0.342043
248.300000  0.460876
249.600000  0.523355
250.900000  0.540752
252.200000  0.613276
253.500000  0.665220
254.800000  0.664730
256.100000  0.831341
257.400000  0.893086
258.700000  0.870054
260.000000  0.850453
261.300000  0.759797
262.600000  0.791894
263.900000  0.839182
265.200000  0.742400
266.500000  0.594165
267.800000  0.546632
269.100000  0.408442
270.400000  0.366790
271.700000  0.363114
273.000000  0.270253
274.300000  0.178617
275.600000  0.107072
276.900000  0.176902
278.200000  0.103642
279.500000  0.037732
280.800000  0.026706
282.100000  0.029646
283.400000  -0.022787
284.700000  -0.050719
286.000000  -0.009066
287.300000  -0.044349
288.600000  -0.042388
289.900000  0.053658
291.200000  0.211204
292.500000  0.255307
293.800000  0.174206
295.100000  0.092861
296.400000  0.025971
297.700000  0.006370
299.000000  0.018621
300.300000  -0.026217
301.600000  -0.034793
302.900000  -0.020337
304.200000  0.055863
305.500000  0.159015
306.800000  0.151175
308.100000  0.081345
309.400000  0.088941
310.700000  0.116872
312.000000  0.136719
313.300000  0.086000
314.600000  -0.011516
315.900000  0.101436
317.200000  0.192828
318.500000  0.096781