
-87.100000  0.085020
-85.800000  -0.036508
-84.500000  -0.073996
-83.200000  -0.056599
-81.900000  -0.039448
-80.600000  -0.035283
-79.300000  -0.043369
-78.000000  0.058558
-76.700000  0.006860
-75.400000  -0.171022
-74.100000  -0.172247
-72.800000  -0.235707
-71.500000  -0.271234
-70.200000  -0.083061
-68.900000  0.069094
-67.600000  0.059539
-66.300000  -0.007351
-65.000000  0.084530
-63.700000  0.232520
-62.400000  0.282994
-61.100000  0.250407
-59.800000  0.268293
-58.500000  0.219289
-57.200000  0.023521
-55.900000  -0.061500
-54.600000  0.051453
-53.300000  0.276623
-52.000000  0.260697
-50.700000  0.025726
-49.400000  -0.167837
-48.100000  -0.324648
-46.800000  -0.270989
-45.500000  -0.130104
-44.200000  0.075710
-42.900000  0.244281
-41.600000  0.146274
-40.300000  -0.015927
-39.000000  -0.055864
-37.700000  0.036262
-36.400000  0.075465
-35.100000  0.005880
-33.800000  0.001225
-32.500000  0.094576
-31.200000  0.154850
-29.900000  0.347188
-28.600000  0.685801
-27.300000  0.852168
-26.000000  0.941844
-24.700000  1.076603
-23.400000  1.223123
-22.100000  1.354942
-20.800000  1.369643
-19.500000  1.501217
-18.200000  1.685960
-16.900000  1.749174
-15.600000  1.720017
-14.300000  1.761425
-13.000000  1.739374
-11.700000  1.518369
-10.400000  1.417422
-9.100000  1.350532
-7.800000  1.241255
-6.500000  1.196171
-5.200000  1.144963
-3.900000  1.229739
-2.600000  1.266001
-1.300000  1.214548
0.000000  1.249585
1.300000  1.487741
2.600000  1.885404
3.900000  2.290661
5.200000  3.141115
6.500000  4.263782
7.800000  5.187250
9.100000  6.184223
10.400000  7.548232
11.700000  7.960350
13.000000  7.619532
14.300000  7.633008
15.600000  7.537696
16.900000  7.593070
18.200000  7.655304
19.500000  7.115287
20.800000  6.078376
22.100000  5.200236
23.400000  4.480377
24.700000  3.709064
26.000000  3.063444
27.300000  2.417580
28.600000  1.821699
29.900000  1.397085
31.200000  1.108700
32.500000  0.843102
33.800000  0.540506
35.100000  0.500324
36.400000  0.709078
37.700000  0.975166
39.000000  1.309859
40.300000  1.631811
41.600000  1.958174
42.900000  2.062306
44.200000  1.917991
45.500000  1.652638
46.800000  1.541400
48.100000  1.649453
49.400000  1.648717
50.700000  1.724428
52.000000  1.684000
53.300000  1.491662
54.600000  1.352982
55.900000  1.057492
57.200000  0.743625
58.500000  0.535851
59.800000  0.350128
61.100000  0.212674
62.400000  0.259227
63.700000  0.273928
65.000000  0.294755
66.300000  0.394722
67.600000  0.312151
68.900000  0.197483
70.200000  0.143089
71.500000  0.115647
72.800000  0.251877
74.100000  0.391046
75.400000  0.536586
76.700000  0.539526
78.000000  0.433434
79.300000  0.497874
80.600000  0.452790
81.900000  0.428289
83.200000  0.447155
84.500000  0.389576
85.800000  0.481457
87.100000  0.404522
88.400000  0.383941
89.700000  0.576769
91.000000  0.557168
92.300000  0.493218
93.600000  0.468962
94.900000  0.307986
96.200000  0.165386
97.500000  0.122508
98.800000  0.127653
100.100000  0.150685
101.400000  0.126428
102.700000  0.080855
104.000000  0.011760
105.300000  0.035527
106.600000  0.035772
107.900000  0.076690
109.200000  0.214879
110.500000  0.242811
111.800000  0.327342
113.100000  0.493463
114.400000  0.558148
115.700000  0.569173
117.000000  0.530461
118.300000  0.632878
119.600000  0.791894
120.900000  0.762247
122.200000  0.663505
123.500000  0.654929
124.800000  0.626507
126.100000  0.533156
127.400000  0.440050
128.700000  0.501304
130.000000  0.584365
131.300000  0.452300
132.600000  0.163916
133.900000  0.229090
135.200000  0.312151
136.500000  0.346208
137.800000  0.508164
139.100000  0.543202
140.400000  0.672081
141.700000  0.815905
143.000000  0.956055
144.300000  1.184411
145.600000  1.468875
146.900000  1.665134
148.200000  1.732758
149.500000  1.765345
150.800000  1.857717
152.100000  1.870458
153.400000  1.754320
154.700000  1.754810
156.000000  1.744519
157.300000  1.710217
158.600000  1.766816
159.900000  1.603144
161.200000  1.516163
162.500000  1.463730
163.800000  1.268696
165.100000  1.089344
166.400000  0.930328
167.700000  0.865644
169.000000  0.763227
170.300000  0.554962
171.600000  0.400602
172.900000  0.361644
174.200000  0.513800
175.500000  0.617687
176.800000  0.427064
178.100000  0.326607
179.400000  0.346208
180.700000  0.272458
182.000000  0.202873
183.300000  0.219044
184.600000  0.194053
185.900000  0.091391
187.200000  0.166856
188.500000  0.255307
189.800000  0.262167
191.100000  0.223700
192.400000  0.127898
193.700000  0.038467
195.000000  -0.052434
196.300000  -0.144315
197.600000  -0.203855
198.900000  -0.072771
200.200000  0.017396
201.500000  -0.075466
202.800000  -0.080856
204.100000  -0.122754
205.400000  -0.182293
206.700000  -0.147501
208.000000  -0.075711
209.300000  -0.075711
210.600000  -0.107318
211.900000  -0.089432
213.200000  -0.010781
214.500000  0.071299
215.800000  0.157055
217.100000  0.277603
218.400000  0.337878
219.700000  0.273193
221.000000  0.169306
222.300000  0.124713
223.600000  0.137209
224.900000  0.177392
226.200000  0.036752
227.500000  -0.018622
228.800000  0.036507
230.100000  -0.005391
231.400000  0.002695
232.700000  0.025726
234.000000  0.051698
235.300000  0.051208
236.600000  -0.058805
237.900000  -0.055374
239.200000  0.001470
240.500000  -0.083551
241.800000  -0.102418
243.100000  0.090901