# Galactic rotation curve based on Classical Cepheids
# (Mroz et al. 2018)
# Using R_0 = 8.09 kpc, Omega_0 = 233.6 km/s,
# U_0 = 10.1 km/s, V_0 = 12.3 km/s, W_0 = 7.3 km/s
# Created: Dec 07 2018 10:43 CET
# Name R R_err V V_err
CG____Cas             9.751 0.066 219.70  4.12
V879__Cas            11.075 0.139 217.75  4.70
EX____Cas            10.622 0.111 225.42  4.37
BF____Cas            10.545 0.108 234.55  3.84
SY____Cas             9.283 0.052 221.28  3.22
V363__Cas             8.699 0.021 218.27  3.68
CT____Cas            10.234 0.059 216.90  5.28
V824__Cas             9.669 0.044 218.45  1.98
NP____Cas            10.879 0.092 203.11  2.71
NO____Cas             9.906 0.081 215.40  2.22
V825__Cas            10.781 0.114 226.41  2.15
AS____Cas             9.882 0.052 229.92  3.38
TU____Cas             8.545 0.016 225.55  2.24
V379__Cas             9.030 0.031 224.05  3.80
AP____Cas            10.538 0.068 227.34  2.75
J003532.93+641714.6  10.714 0.069 216.21  3.36
FW____Cas            10.912 0.111 232.31  2.86
V827__Cas             9.846 0.051 216.23  1.40
J011.3013+58.5011    11.485 0.164 222.99  2.31
OP____Cas            10.073 0.058 212.40  3.43
XY____Cas             9.368 0.047 226.44  3.10
AU____Cas            10.953 0.083 222.76  3.03
V553__Cas            11.368 0.145 225.73  3.25
OZ____Cas             9.334 0.048 225.45  3.46
AW____Cas            10.004 0.071 205.15  1.93
V1100_Cas            10.217 0.061 229.76  3.63
V1013_Cas            10.605 0.100 223.97  2.30
V556__Cas            10.508 0.068 204.70  2.23
BV____Cas            10.547 0.094 202.24  2.59
V470__Cas            10.499 0.100 231.50  1.83
V636__Cas             8.524 0.023 228.92  0.68
RW____Cas            10.265 0.078 214.62  3.84
J013725.59+634128.8  11.926 0.097 215.62  3.02
AY____Cas             9.849 0.063 235.44  3.52
V1016_Cas            11.896 0.175 219.11  1.54
V1154_Cas             9.717 0.053 228.91  0.84
IO____Cas            17.842 0.384 225.67  5.75
VV____Cas            10.483 0.099 223.47  2.13
J015830.96+574911.6  17.786 0.440 222.59  3.76
V395__Cas            10.040 0.049 228.90  3.41
GL____Cas            12.136 0.160 219.35  2.23
UX____Per            11.921 0.143 228.28  5.03
V1017_Cas            12.177 0.188 232.39  2.45
J021635.96+651035.5  12.556 0.170 235.63  3.22
V440__Per             8.650 0.020 230.81  0.41
GM____Cas             9.879 0.045 214.06  1.34
SZ____Cas             9.829 0.055 213.17  1.58
VY____Per             9.664 0.055 214.08  3.89
DW____Per            10.774 0.098 224.43  1.82
UY____Per             9.899 0.062 209.40  3.08
GO____Cas            10.823 0.095 207.69  3.36
DF____Cas            10.133 0.055 229.18  4.17
LT____Cas            12.864 0.221 236.76  2.31
V833__Cas            12.277 0.162 233.42  2.18
V371__Per            10.887 0.097 266.02  3.36
J045.1949+59.3418    13.187 0.278 254.44  3.28
V883__Per            12.242 0.145 209.82  1.96
V836__Cas            10.179 0.069 200.92  1.11
V598__Per            10.113 0.065 217.20  2.64
J031346.98+632058.2  13.088 0.267 229.66  2.93
V891__Per            10.178 0.062 231.09  2.30
V892__Per            10.436 0.083 207.28  2.46
V895__Per            11.367 0.176 234.84  1.86
AC____Cam            10.734 0.061 216.81  2.15
AD____Cam            12.966 0.189 228.68  3.07
J053.5926+54.6072    10.698 0.085 234.74  2.89
CF____Cam            11.346 0.084 231.46  1.64
J053.9542+57.1479    13.835 0.131 230.36  2.21
AM____Cam            12.108 0.163 220.56  2.01
MM____Per            10.839 0.083 217.28  1.96
J034529.70+532608.1  11.091 0.107 228.36  2.60
AB____Cam            12.259 0.162 221.06  2.25
OX____Cam             9.391 0.046 226.11  2.01
RW____Cam             9.585 0.054 257.89  3.70
PV____Cam            12.515 0.152 237.21  1.24
MN____Cam            10.791 0.074 215.83  1.40
V938__Per            10.885 0.072 231.46  2.06
MQ____Cam            11.743 0.085 228.36  1.41
J060.9207+52.6701    12.550 0.096 220.86  1.02
QS____Cam            11.856 0.118 237.89  1.42
MZ____Cam            10.430 0.055 236.77  1.39
LO____Cam            11.731 0.125 230.16  2.06
J062.4556+49.7355    13.566 0.217 221.48  2.23
QX____Cam            11.955 0.165 229.45  1.84
J041610.27+520823.5  14.252 0.168 232.86  1.82
SX____Per            11.108 0.115 229.73  1.75
J064.9276+50.1240    14.322 0.173 222.03  2.02
AS____Per             9.408 0.048 228.67  4.29
NSVS6794216          18.293 0.451 215.98  3.24
J065.6485+45.5819    11.298 0.097 228.69  1.73
HZ____Per            13.051 0.187 249.26  3.69
J042756.25+525304.0  12.815 0.150 239.13  1.02
V359__Cam            13.237 0.177 215.84  1.76
V957__Per            12.480 0.114 224.19  2.17
J068.6921+49.4226    13.309 0.107 224.85  1.49
SZ____Tau             8.626 0.027 242.24  0.32
OT____Per            15.537 0.364 233.13  3.33
HQ____Per            13.528 0.171 225.51  2.01
GSC02901-00089       11.283 0.120 224.33  1.78
EW____Aur            14.789 0.251 229.97  1.54
J072.8898+47.7886    13.867 0.225 229.67  1.96
J073.9358+36.3437    12.321 0.124 218.54  1.39
J074.0591+40.2602    15.129 0.227 225.20  1.57
V470__Aur            12.623 0.121 235.29  1.72
RX____Aur             9.634 0.052 216.89  1.10
CK____Cam             8.664 0.020 228.34  1.40
SY____Aur            10.544 0.074 233.68  1.29
ER____Aur            15.993 0.218 235.43  2.49
IN____Aur            14.690 0.230 227.88  1.72
J052333.55+444536.5  13.308 0.193 236.97  1.72
J081.1501+28.5252    14.137 0.178 228.72  2.44
J052610+1151.3       11.095 0.088 235.96  2.73
V1256_Tau            18.383 0.359 206.57  3.82
J082.3588+27.0008    12.255 0.143 223.70  1.64
J083.0327+41.8842    12.630 0.140 238.48  1.76
IW____Aur            16.041 0.209 212.05  1.89
AE____Tau            11.775 0.119 225.09  1.57
GT____Aur            15.299 0.256 181.25  3.15
V335__Aur            12.331 0.135 220.51  1.78
GV____Aur            12.851 0.163 236.69  1.61
ST____Tau             9.118 0.036 236.87  0.60
EU____Tau             9.174 0.036 231.82  0.72
AV____Tau            11.192 0.084 228.94  1.07
V621__Aur            12.318 0.159 225.16  1.86
J086.5802+20.1439    14.712 0.288 223.19  2.30
AX____Aur            12.318 0.096 217.68  1.42
V637__Aur            12.363 0.140 212.14  2.30
V1819_Ori            16.296 0.320 221.86  3.58
J088.6434+31.9126    12.285 0.145 240.26  1.45
CO____Aur             8.908 0.024 231.13  0.59
J091.0777+30.4987    11.474 0.152 218.32  1.83
J091.3452+20.9456    12.608 0.109 245.56  2.44
AS____Aur            12.388 0.136 227.79  1.90
CR____Ori            13.057 0.154 235.75  2.14
CS____Ori            12.025 0.137 227.71  2.01
NSVS9734010          14.102 0.198 225.63  3.48
V371__Gem            11.159 0.095 221.15  1.39
J061022+1438.6       10.791 0.073 199.52  1.37
CV____Ori            11.857 0.140 227.15  2.04
OGLE-GD-CEP-0030     13.630 0.177 216.37  2.18
J094.7322+07.7466    13.453 0.265 211.97  2.48
SV____Mon            10.353 0.075 213.81  3.23
FT____Mon            13.363 0.180 237.07  2.46
OGLE-GD-CEP-0032     10.815 0.095 213.04  1.99
DF____Ori            13.012 0.120 239.49  2.07
NSVS12485452         14.512 0.238 226.37  2.01
OGLE-GD-CEP-0036     12.285 0.117 228.76  1.43
V966__Mon            10.314 0.047 216.81  1.12
RT____Aur             8.511 0.020 220.25  1.37
OGLE-GD-CEP-0038     13.009 0.104 230.29  5.16
OGLE-GD-CEP-0039     11.704 0.086 221.71  1.26
V480__Mon            12.223 0.110 239.46  3.31
VZ____Mon            12.985 0.170 229.94  2.05
CS____Mon            11.769 0.087 224.52  2.10
CU____Mon            14.302 0.265 234.14  2.68
WW____Mon            13.549 0.160 233.61  3.22
BB____Gem            11.313 0.108 219.52  1.68
W_____Gem             9.034 0.052 238.34  1.98
J063519+2117.8       12.113 0.129 220.09  1.84
NSVS12507880         13.728 0.260 230.17  2.97
V495__Mon            12.546 0.157 214.06  2.22
BE____Mon             9.922 0.056 236.85  3.34
V911__Mon            12.116 0.164 228.77  2.26
V979__Mon            11.020 0.092 222.58  1.71
J064152-0120.1       13.164 0.155 236.26  2.41
AD____Gem            10.985 0.088 221.96  2.20
V504__Mon            11.855 0.111 228.98  5.00
V913__Mon            13.429 0.271 220.42  2.01
V914__Mon            11.197 0.095 227.79  2.02
J064708+0304.1       10.033 0.039 208.97  1.85
V508__Mon            11.030 0.088 232.50  2.50
NSVS12575759         13.265 0.175 246.72  3.16
J064727+0411.4       11.511 0.101 220.99  1.39
GI____CMa            13.117 0.227 224.67  3.52
V981__Mon            14.082 0.319 228.06  3.27
V376__Mon            10.470 0.080 246.77  6.57
TW____Mon            13.518 0.121 229.70  2.24
EE____Mon            14.775 0.258 228.72  3.06
J102.7778-11.3374    14.629 0.267 218.64  2.28
J103.0046-12.7620    13.803 0.224 215.41  3.10
XX____Mon            12.220 0.105 219.00  3.41
V784__Mon            12.651 0.141 225.95  1.87
EK____Mon            10.273 0.047 217.65  3.02
NSVS12584691         11.292 0.111 217.56  2.17
YY____Mon            15.383 0.372 216.94  2.38
J065413+0756.5       10.407 0.072 226.16  2.38
J103.5793-11.4393    13.003 0.171 220.12  5.20
J103.6628-10.9129    12.960 0.166 213.98  2.16
BV____Mon            10.636 0.079 230.61  2.92
OGLE-GD-CEP-0073     12.077 0.098 227.00  0.85
OGLE-GD-CEP-0074     11.149 0.092 232.16  2.69
OGLE-GD-CEP-0076     13.888 0.152 206.25  2.08
UY____Mon            10.444 0.064 227.65  1.79
J065851-1344.2       12.470 0.156 221.33  2.32
J104.8954-08.3771    14.193 0.136 215.34  2.72
XZ____CMa            13.305 0.205 234.21  3.74
V985__Mon            10.516 0.080 203.93  1.81
V526__Mon             9.601 0.042 241.65  1.90
V384__CMa            11.632 0.123 206.58  1.95
zet___Gem             8.443 0.012 244.40  3.45
V390__CMa            12.879 0.184 216.91  4.56
V465__Mon            11.053 0.087 230.78  4.29
J070832-1454.5       10.029 0.059 220.27  1.00
OGLE-GD-CEP-0087     12.710 0.102 228.58  2.45
J070911-1217.2       10.039 0.041 215.76  1.75
TV____CMa             9.914 0.059 222.23  4.47
FP____CMa            15.050 0.286 220.35  2.69
FI____Mon            12.872 0.180 227.06  3.75
J108.1503-27.8387    15.181 0.290 212.57  3.48
J071333-1451.5       10.025 0.043 205.80  3.10
V434__CMa            13.203 0.216 220.09  2.61
J071606.27-205300.8  13.543 0.201 227.17  2.97
RY____CMa             9.010 0.031 226.69  1.73
DZ____CMa            10.318 0.055 227.62  3.92
J109.2695-28.8235    15.212 0.366 223.34  4.12
OGLE-GD-CEP-0098     13.748 0.253 202.89  4.09
AL____CMa            15.015 0.306 214.69  4.63
TW____CMa             9.990 0.046 240.08  6.46
V423__CMa            15.488 0.384 230.31  4.42
J072424-0751.3       10.411 0.107 203.50  1.24
AO____CMa            10.681 0.090 213.42  3.47
J111.2561-23.1579    13.803 0.214 232.22  3.48
J072542-1953.8       10.866 0.068 208.96  1.94
VZ____CMa             9.007 0.035 235.20  3.16
CK____Pup            13.479 0.215 210.81  3.63
J072830-3039.3       15.112 0.336 206.65  3.42
OGLE-GD-CEP-0107     11.877 0.126 226.22  1.97
BD____Pup            13.448 0.219 225.09  3.91
J073113-2811.0       13.357 0.264 230.89  6.36
BQ____Pup            10.757 0.104 220.66  5.64
VW____Pup            10.493 0.065 226.84  5.29
J073200-2529.3        9.707 0.051 221.24  1.16
VX____Pup             8.851 0.017 237.74  2.38
X_____Pup            10.029 0.135 190.13  4.91
BE____Pup            13.736 0.243 217.78  4.78
OO____Pup            12.091 0.158 225.19  2.66
J073453-2651.3       13.455 0.280 233.96  5.04
J073502-3554.9       12.664 0.222 186.44  4.66
J073518.78-313951.1  15.543 0.409 203.42  4.34
OGLE-GD-CEP-0119     10.928 0.102 232.51  4.12
J073620-2840.1       10.404 0.090 220.05  2.79
MY____Pup             8.232 0.006 236.49  1.07
VZ____Pup            11.024 0.146 225.28  5.02
OP____Pup            10.845 0.089 233.04  2.25
J115.1791-30.7146    14.688 0.279 220.86  3.99
OGLE-GD-CEP-0122     11.278 0.094 237.45  3.40
EK____Pup            10.043 0.046 234.59  1.76
WW____Pup            10.591 0.105 229.74  4.38
V719__Pup             8.717 0.021 229.10  1.13
J074401-1707.8       12.602 0.159 220.39  2.15
V612__Pup            13.154 0.130 214.35  2.87
OGLE-GD-CEP-0127     15.249 0.338 213.76  5.68
J074751.56-321017.0  13.699 0.284 220.70  5.30
OGLE-GD-CEP-0137     14.606 0.318 214.09  4.26
OGLE-GD-CEP-0138     13.329 0.205 209.04  2.54
V724__Pup             9.424 0.056 218.52  3.93
LL____Pup             9.722 0.048 229.25  3.80
V616__Pup            13.536 0.179 217.15  4.62
OGLE-GD-CEP-0146     10.291 0.091 213.01  4.93
J075503-2614.3       10.393 0.086 220.16  1.77
OGLE-GD-CEP-0147     13.280 0.153 220.29  3.96
LQ____Pup            10.404 0.069 222.85  3.12
V335__Pup             9.431 0.042 235.58  1.62
LR____Pup            10.924 0.124 223.37  3.93
HW____Pup            13.265 0.226 201.63  4.92
AP____Pup             8.388 0.011 241.29  3.79
V620__Pup            10.234 0.060 215.96  6.59
WY____Pup            10.871 0.115 228.03  3.09
J075840-3330.2       10.429 0.072 228.91  3.64
NT____Pup            12.718 0.344 247.09  6.90
LS____Pup            10.701 0.124 212.28  6.48
V622__Pup            13.469 0.240 221.15  3.70
WZ____Pup            10.449 0.084 223.88  3.65
V629__Pup            11.149 0.122 235.76  4.02
V729__Pup            10.186 0.066 212.83  3.79
OGLE-GD-CEP-0171     13.651 0.245 216.50  3.99
J080822-3222.6        9.818 0.063 215.64  2.52
J080927-3315.7       10.886 0.086 230.17  3.31
OGLE-GD-CEP-0183     11.489 0.130 228.86  3.38
V730__Pup             9.373 0.052 223.91  3.62
V731__Pup            10.110 0.077 227.34  4.35
AX____Vel             8.344 0.012 242.29  2.99
HL____Pup             9.317 0.047 221.54  2.76
AH____Vel             8.211 0.005 222.03  1.95
AT____Pup             8.639 0.018 237.17  3.22
RS____Pup             8.752 0.029 235.68  4.22
OGLE-GD-CEP-0190     11.660 0.161 212.73  4.67
CE____Pup            15.839 0.405 234.49  6.43
J082117-3845.3       10.536 0.105 202.77  4.78
J082127-3825.3       10.397 0.076 222.80  4.69
OGLE-GD-CEP-0221     10.211 0.082 218.12  3.91
OGLE-GD-CEP-0222      9.422 0.068 221.08  3.21
V_____Car             8.067 0.002 219.89  2.99
DU____Pyx             9.762 0.061 216.53  5.56
CO____Vel             8.813 0.023 226.06  5.20
BH____Vel             9.707 0.059 234.53  2.49
J083130-4429.3       10.073 0.066 240.45  4.75
OGLE-GD-CEP-0236     10.704 0.079 239.43  4.31
OGLE-GD-CEP-0240      9.833 0.055 220.34  2.16
DX____Pyx            10.064 0.089 217.06  3.63
V519__Vel             8.484 0.011 223.38  1.80
OGLE-GD-CEP-0243      9.527 0.037 225.67  2.67
AM____Vel            13.321 0.304 240.72 38.14
T_____Vel             8.243 0.008 250.08  3.83
OGLE-GD-CEP-0254      8.783 0.022 193.25  1.28
J083908-3722.5       11.793 0.190 232.60  5.27
OGLE-GD-CEP-0256      8.671 0.022 240.87  3.72
OGLE-GD-CEP-0263      9.198 0.038 224.27  6.45
OGLE-GD-CEP-0269      8.957 0.034 217.84  8.14
J084304-5117.9        8.648 0.029 233.79  1.88
J084412-3528.4        9.416 0.058 212.29  2.44
SX____Vel             8.505 0.019 231.53  4.43
ST____Vel             8.311 0.012 252.79  7.17
OGLE-GD-CEP-0281     10.436 0.130 192.35  6.25
CP____Vel            10.014 0.098 219.36  4.47
OGLE-GD-CEP-0283     10.031 0.086 224.45  4.37
OGLE-GD-CEP-0285      9.547 0.052 223.51  5.82
J084951-4627.2        9.187 0.035 217.45  2.17
OGLE-GD-CEP-0289     10.610 0.105 238.16  7.45
OGLE-GD-CEP-0301     12.944 0.331 194.95  7.83
V527__Vel             8.755 0.024 230.93  6.03
CX____Vel             8.452 0.029 219.67 15.76
BG____Vel             8.112 0.003 238.58  2.49
OGLE-GD-CEP-0322      9.173 0.072 244.96  3.54
OGLE-GD-CEP-0324      8.795 0.033 229.41  6.03
V530__Vel             9.658 0.104 215.40  4.42
OGLE-GD-CEP-0338      8.787 0.029 216.53  5.40
OGLE-GD-CEP-0339      8.335 0.016 224.22  4.09
J091606-5418.6        9.688 0.095 183.24  3.89
DK____Vel             8.507 0.028 225.57  6.04
J091822.17-542444.5  19.530 0.995 256.11 14.56
OGLE-GD-CEP-0345      9.010 0.038 227.17  4.01
J091933-5137.4        8.903 0.037 235.79  6.23
EX____Vel             9.161 0.079 218.50  2.73
OGLE-GD-CEP-0351     10.692 0.094 235.56  3.53
OGLE-GD-CEP-0354     10.331 0.112 213.47  4.77
V_____Vel             8.037 0.000 256.71  2.74
V532__Vel             9.495 0.059 191.83  2.51
OGLE-GD-CEP-0363     11.168 0.176 183.43  4.43
OGLE-GD-CEP-0365      8.531 0.024 216.54  3.32
OGLE-GD-CEP-0367      8.479 0.032 261.92  3.89
V536__Vel             8.685 0.029 220.94  4.77
V537__Vel             8.611 0.027 231.60  3.83
DP____Vel             8.464 0.022 214.10  7.01
DR____Vel             8.231 0.013 217.06  7.79
FG____Vel             8.418 0.019 240.25  3.04
T_____Ant             8.877 0.047 257.36  4.47
OGLE-GD-CEP-0380      8.584 0.030 231.14 12.53
OGLE-GD-CEP-0381      9.441 0.080 224.54  3.30
OGLE-GD-CEP-0385      8.571 0.023 231.32  1.52
AE____Vel             8.173 0.010 231.60  7.19
J093942-4931.5        8.389 0.021 256.75  1.83
OGLE-GD-CEP-0399      8.770 0.040 235.48  3.51
V850__Car             8.822 0.066 233.01  4.79
V690__Car             8.170 0.024 229.83 11.39
OGLE-GD-CEP-0412     10.800 0.207 215.37  6.55
OGLE-GD-CEP-0414     10.070 0.103 215.07  8.15
OGLE-GD-CEP-0416      8.594 0.032 239.21  3.79
GX____Car             7.946 0.005 208.03  5.81
OGLE-GD-CEP-0422      8.867 0.047 209.34 10.71
OGLE-GD-CEP-0424      8.711 0.034 208.25  1.89
V397__Car             7.832 0.005 220.69  1.31
OGLE-GD-CEP-0436      8.189 0.018 232.36  3.77
V701__Car             7.921 0.004 218.79  3.73
J101016-5811.2        7.887 0.002 232.84  1.26
OGLE-GD-CEP-0447      8.184 0.021 226.04 10.27
V854__Car             7.911 0.005 256.63 16.09
J101045-5009.6        9.343 0.095 221.28  5.89
OGLE-GD-CEP-0457      8.471 0.050 234.28  6.38
OGLE-GD-CEP-0463      8.612 0.078 217.10  8.88
OGLE-GD-CEP-0467      8.293 0.046 219.47  4.69
CN____Car             7.925 0.009 245.97  5.67
V708__Car             8.189 0.045 246.59  3.26
OGLE-GD-CEP-0472      8.093 0.022 242.21  4.31
OGLE-GD-CEP-0477      8.119 0.023 228.39 12.31
AB____Vel             8.225 0.037 217.05  2.30
J102012-5900.3        7.887 0.007 239.11 10.85
GZ____Car             7.828 0.002 238.61  5.52
RY____Vel             7.933 0.010 243.02  2.66
AQ____Car             7.803 0.006 237.66  6.45
HS____Car             8.002 0.022 234.71 13.05
OGLE-GD-CEP-0503      8.310 0.037 243.96  2.98
J102558-5956.8        7.937 0.015 232.75  2.61
UW____Car             7.794 0.001 235.35 14.13
OGLE-GD-CEP-0519      7.970 0.012 235.26  3.67
OGLE-GD-CEP-0520      8.066 0.026 243.73  1.73
UX____Car             7.844 0.003 240.19  4.87
OGLE-GD-CEP-0523      8.031 0.020 218.90  1.18
OGLE-GD-CEP-0524     11.477 0.513 232.55 13.18
J103052-5903.7        8.127 0.028 222.14  5.29
OGLE-GD-CEP-0531      8.264 0.039 230.46  4.49
CQ____Car             8.039 0.037 214.74  7.57
J103158-5814.7        7.806 0.002 205.09  3.15
CR____Car             8.198 0.033 214.51 10.29
AY____Car             7.848 0.015 219.29  9.22
CS____Car             7.938 0.016 221.40  7.85
OGLE-GD-CEP-0546      7.832 0.009 225.18  3.45
XX____Vel             7.899 0.023 230.46  6.07
OGLE-GD-CEP-0547      7.781 0.002 240.64  4.36
J103920-5451.6        7.923 0.018 226.89  3.78
HW____Car             7.710 0.002 243.72  4.39
OGLE-GD-CEP-0558      9.049 0.096 220.05 15.40
V720__Car             7.781 0.009 223.90  1.57
OGLE-GD-CEP-0564      8.613 0.076 207.71  8.88
EY____Car             7.701 0.002 219.80  6.30
OGLE-GD-CEP-0566      8.794 0.083 227.36  7.32
J104300-6131.2        7.773 0.015 229.22  1.53
OGLE-GD-CEP-0568      7.990 0.044 236.58  4.99
VY____Car             7.768 0.004 209.87  7.11
SV____Vel             7.777 0.001 221.83  4.56
SX____Car             7.764 0.004 234.28  7.82
OGLE-GD-CEP-0575      7.692 0.000 245.21  7.56
OGLE-GD-CEP-0579      7.850 0.017 231.50  2.37
FH____Car             8.195 0.052 231.63  7.09
II____Car             8.583 0.132 218.14  8.28
OGLE-GD-CEP-0585      9.345 0.114 235.16  7.36
FI____Car             8.066 0.050 238.76  6.46
WW____Car             7.692 0.002 237.51 10.38
DY____Car             7.807 0.019 249.01  4.84
OGLE-GD-CEP-0596      8.310 0.044 213.34  2.47
FZ____Car             7.805 0.014 235.91  6.23
CC____Car             7.848 0.030 204.76  3.95
IM____Car             7.798 0.020 232.93  6.49
OGLE-GD-CEP-0604      8.527 0.072 212.50  7.77
OGLE-GD-CEP-0605      8.217 0.037 222.32  3.59
IO____Car             8.157 0.043 213.47  3.00
XX____Car             7.560 0.011 236.82 17.25
U_____Car             7.725 0.011 215.05  4.50
CY____Car             7.639 0.003 223.85  2.12
CF____Car             7.883 0.023 214.65  6.66
V442__Car             8.303 0.052 227.05  8.51
GT____Car             8.740 0.066 225.70  2.43
FM____Car             8.420 0.070 218.15  6.79
FN____Car             7.699 0.012 239.11  7.67
OGLE-GD-CEP-0617      8.907 0.116 220.65  7.05
XY____Car             7.544 0.005 234.04  9.57
HK____Car             7.715 0.014 218.95  3.29
ER____Car             7.782 0.009 251.20  3.86
GH____Car             7.564 0.003 236.46  3.01
V898__Cen             7.725 0.006 243.03  4.07
IT____Car             7.662 0.007 248.54  1.99
GI____Car             7.642 0.007 249.47  2.01
FR____Car             7.553 0.004 235.44  9.67
OGLE-GD-CEP-0646      8.233 0.070 209.38 12.51
OGLE-GD-CEP-0651      9.399 0.181 217.29  5.79
V1372_Cen             7.535 0.011 221.79  8.49
AY____Cen             7.608 0.007 239.51  9.79
AZ____Cen             7.562 0.006 233.17  1.66
V1048_Cen             7.564 0.009 258.89  5.54
OGLE-GD-CEP-0675      7.409 0.001 269.58  2.35
V419__Cen             7.557 0.008 249.25  1.46
OGLE-GD-CEP-0678      9.956 0.248 201.58  6.63
LV____Cen             7.375 0.000 238.37  5.13
IZ____Cen             7.355 0.004 241.99  7.92
KK____Cen             7.675 0.065 238.67  4.01
RT____Mus             7.599 0.012 233.59  8.90
OGLE-GD-CEP-0700      7.615 0.031 221.49  4.25
V873__Cen             7.776 0.048 230.29  6.58
MS____Mus             7.425 0.013 226.11  5.40
TZ____Mus             7.234 0.003 241.31  7.39
UU____Mus             7.228 0.007 240.62  4.03
BB____Cen             7.287 0.007 231.49  4.07
SV____Cru             7.237 0.007 227.63  4.94
TY____Cru             7.192 0.010 235.52  5.53
AD____Cru             7.164 0.009 236.12  0.43
OGLE-GD-CEP-0779      7.303 0.030 213.57  4.74
T_____Cru             7.738 0.008 231.99  2.69
FQ____Cru             7.069 0.010 246.15 13.87
VV____Cru             7.026 0.006 248.03  3.57
R_____Cru             7.695 0.009 247.92  2.89
J122511-6120.9        7.274 0.017 237.61  2.55
OGLE-GD-CEP-0796      6.995 0.005 257.28  4.02
BG____Cru             7.850 0.011 251.17  1.03
VW____Cru             7.489 0.012 225.57  4.26
OGLE-GD-CEP-0800      7.119 0.036 238.34 12.99
VX____Cru             6.951 0.009 236.30  7.89
J123617-6317.6        6.999 0.009 209.88  5.64
J123907.25-581704.4  10.043 0.272 234.49  7.85
OGLE-GD-CEP-0813      6.918 0.006 244.02  4.38
AG____Cru             7.501 0.018 234.43  3.29
R_____Mus             7.663 0.013 234.67  2.77
J124421-6300.8        6.876 0.008 217.55  9.40
X_____Cru             7.392 0.017 253.89  2.78
S_____Cru             7.729 0.013 227.11  2.62
RY____Cru             6.816 0.019 239.84  6.75
OGLE-GD-CEP-0853      6.850 0.027 229.14  6.17
OGLE-GD-CEP-0858      6.724 0.009 208.49  6.59
V496__Cen             7.222 0.023 244.30  5.42
OGLE-GD-CEP-0872      6.659 0.002 214.12  3.62
MY____Cen             7.175 0.023 228.16  4.37
V1384_Cen             6.625 0.009 246.02  2.81
MZ____Cen             6.625 0.011 229.98  4.85
V356__Mus             6.914 0.024 248.71  3.51
V378__Cen             7.187 0.017 240.68  2.06
V880__Cen             6.591 0.022 202.06 10.35
OGLE-GD-CEP-0913      6.485 0.004 231.39  2.63
V881__Cen             6.466 0.005 200.66  6.38
V659__Cen             7.637 0.009 237.70  1.23
V882__Cen             6.668 0.016 234.99  3.37
KN____Cen             6.638 0.029 232.73 11.03
OGLE-GD-CEP-0939      6.619 0.020 262.95  2.35
V1197_Cen             6.744 0.021 246.24  3.84
EX____Mus            13.978 0.646 198.25 12.95
V381__Cen             7.375 0.024 244.49  2.33
OGLE-GD-CEP-0967      6.390 0.024 217.43  4.28
OGLE-GD-CEP-0970      6.342 0.024 217.60  3.53
J140742-6315.4        6.317 0.021 220.27  5.25
OGLE-GD-CEP-0974      6.113 0.033 222.55  6.57
OGLE-GD-CEP-0978      6.302 0.028 251.58  3.88
V1345_Cen             6.942 0.033 223.24  3.81
OGLE-GD-CEP-0986      5.862 0.027 231.20  8.24
V_____Cen             7.595 0.016 236.19  2.73
TX____Cen             6.303 0.049 243.53  4.54
V1210_Cen             7.273 0.085 254.99  7.12
V737__Cen             7.546 0.020 229.68  1.81
OGLE-GD-CEP-0996      6.423 0.034 248.26  4.12
BP____Cir             7.521 0.017 244.04  1.21
AV____Cir             7.555 0.018 228.29  1.25
OGLE-GD-CEP-1012      5.850 0.040 245.37  5.90
GS____Lup             5.195 0.030 229.85  9.19
EV____Cir             6.240 0.062 229.38  3.76
IQ____Nor             6.718 0.037 251.26  4.32
R_____TrA             7.657 0.014 242.06  1.87
FL____Cir             6.482 0.031 241.10  2.94
OGLE-GD-CEP-1052      5.288 0.043 220.43 12.08
LR____TrA             7.358 0.020 235.86  1.11
OGLE-GD-CEP-1057      5.853 0.043 213.65  4.13
V391__Nor             6.756 0.037 238.22  2.55
OGLE-GD-CEP-1079      5.475 0.140 256.55  4.68
U_____Nor             6.958 0.029 247.93  1.60
OGLE-GD-CEP-1083      5.157 0.041 216.03  3.66
SY____Nor             6.462 0.040 242.15  2.08
J155847-5341.8        6.751 0.023 251.72  0.66
S_____TrA             7.440 0.022 230.17  2.20
J160125-5150.3        6.292 0.038 254.17  1.59
OGLE-GD-CEP-1111      5.309 0.052 231.47  2.99
OGLE-GD-CEP-1114      5.288 0.043 224.98  3.26
TW____Nor             6.224 0.063 249.43  2.95
RS____Nor             6.481 0.035 238.84  2.89
OGLE-GD-CEP-1116      4.602 0.085 188.17  6.68
U_____TrA             7.291 0.027 241.92  2.25
OGLE-GD-CEP-1124      5.714 0.044 228.26  2.07
J161112-522952        5.193 0.102 222.58  7.75
QZ____Nor             6.548 0.031 240.91  1.46
V340__Nor             6.589 0.066 246.05  1.49
GU____Nor             6.752 0.030 238.42  2.27
V397__Nor             5.973 0.050 231.55  2.01
J162811-5111.9        6.633 0.028 246.11  1.79
OGLE-GD-CEP-1165      5.143 0.084 179.09  5.15
OGLE-GD-CEP-1173      4.251 0.107 205.24  7.17
OGLE-GD-CEP-1181      5.172 0.055 217.17  2.12
OGLE-GD-CEP-1187      4.750 0.058 189.29  2.88
KQ____Sco             6.101 0.060 240.29  8.42
OGLE-GD-CEP-1193      5.140 0.055 198.91  2.94
RV____Sco             7.332 0.033 235.63  1.21
BF____Oph             7.299 0.026 248.23  0.42
OGLE-BLG-CEP-104      4.804 0.070 221.07  3.00
V470__Sco             6.557 0.047 231.38  0.90
OGLE-BLG-CEP-111      4.895 0.088 188.21  4.59
V482__Sco             7.186 0.027 234.72  0.57
J173550.78-323056.7   5.048 0.140 213.35  3.47
OGLE-BLG-CEP-125      4.896 0.119 227.33  5.11
V950__Sco             7.181 0.029 236.35  0.63
J173848-3304.4        6.876 0.034 236.02  0.60
V2744_Oph             6.744 0.043 251.04  0.63
V500__Sco             6.700 0.039 244.45  0.67
RY____Sco             6.689 0.070 241.39  1.77
V773__Sgr             6.613 0.041 248.06  0.67
V5738_Sgr             5.715 0.096 235.49  1.18
CR____Ser             6.585 0.050 242.97  3.03
V536__Ser             5.747 0.090 230.53  2.55
VY____Sgr             5.785 0.085 244.04  4.77
AP____Sgr             7.291 0.022 234.13  1.46
V412__Ser             6.601 0.042 236.26  2.02
OGLE-BLG-CEP-150      4.812 0.071 196.39  4.28
V1954_Sgr             5.800 0.060 228.88  3.03
WZ____Sgr             6.359 0.076 250.72  2.74
V5567_Sgr             6.025 0.082 280.78  2.78
Y_____Sgr             7.580 0.020 224.53  1.55
V458__Sct             6.603 0.051 253.27  2.44
XX____Sgr             6.784 0.056 245.08  1.93
J182714-1507.1        5.979 0.097 229.76  2.91
X_____Sct             6.522 0.038 233.92  5.28
UZ____Sct             5.215 0.074 239.27  3.36
U_____Sgr             7.459 0.032 232.60  1.20
V367__Sct             6.363 0.044 241.13  1.69
J279.0161-07.9499     5.210 0.114 251.08  3.17
BQ____Ser             7.268 0.029 249.20  5.88
J183652-0907.1        6.392 0.029 238.31  2.40
EW____Sct             7.660 0.021 243.05  2.36
Y_____Sct             6.578 0.050 227.87  2.29
J183848-1324.8        7.048 0.043 237.56  4.01
OGLE-GD-CEP-1209      5.404 0.092 212.50  2.76
OGLE-GD-CEP-1213      4.736 0.068 206.05  6.51
CK____Sct             6.268 0.051 246.13  1.72
OGLE-GD-CEP-1219      4.416 0.148 241.80  9.11
CN____Sct             5.919 0.061 235.43  7.10
J280.6497-05.2660     5.019 0.068 241.45  3.49
SS____Sct             7.183 0.025 247.82  1.33
OGLE-GD-CEP-1225      5.332 0.051 244.73  5.61
OGLE-GD-CEP-1227      5.145 0.056 209.56  2.92
FT____Sct             5.540 0.051 242.54  2.71
OGLE-GD-CEP-1237      5.069 0.064 233.65  4.39
J184741-0654.4        5.883 0.064 263.41  1.52
YZ____Sgr             6.931 0.041 240.60  2.48
BX____Sct             6.378 0.066 239.28  1.91
V480__Aql             6.149 0.058 235.02  7.35
V1495_Aql             5.715 0.050 233.91  7.72
OGLE-GD-CEP-1252      5.568 0.068 233.44  4.35
V1496_Aql             5.268 0.072 249.64  5.15
V800__Aql            13.731 0.890 171.59 16.56
OGLE-GD-CEP-1259      6.169 0.194 256.54  8.00
V493__Aql             6.352 0.049 240.40  4.88
OGLE-GD-CEP-1264      6.211 0.038 256.27  3.14
CoRoT211626074        6.373 0.029 248.10  2.36
J285.7178+04.5198     6.236 0.077 245.06  8.37
J190559.09+160552.9   6.851 0.142 257.46  7.62
FM____Aql             7.454 0.017 222.91  4.98
V916__Aql             6.421 0.031 212.71  1.20
V1344_Aql             7.252 0.029 222.21  1.58
FN____Aql             7.039 0.032 227.15  2.27
V1837_Aql             6.494 0.044 229.10  2.29
V526__Aql             5.483 0.059 192.23  8.69
J288.9704+12.6190     6.057 0.022 236.51  6.91
J191719+0757.7        7.426 0.039 236.54  1.67
V367__Sge             7.273 0.022 234.95  3.55
V1803_Aql             7.176 0.024 224.79  5.88
J290.1907+18.1331     6.454 0.011 215.44  3.28
J192052.46+153315.1   6.293 0.017 216.04  4.78
J192310+1351.4        7.124 0.020 241.76  1.40
J192832.20+104812.6   5.898 0.005 213.60  6.65
V377__Sge             6.585 0.006 234.87  3.07
J292.3844+18.7263     6.605 0.021 223.76  2.37
GX____Sge             6.623 0.011 222.53  2.86
V364__Sge             6.597 0.007 215.39  5.00
J292.9845+18.5534     6.555 0.006 233.49  7.26
J193320.52+201705.8   6.681 0.002 218.21  6.64
V471__Vul             6.666 0.008 208.78  3.74
GY____Sge             6.908 0.021 230.29  6.13
V355__Sge             6.717 0.015 218.49  3.60
J193606.44+215011.4   6.850 0.011 235.83  2.23
J294.1271+20.0413     6.710 0.006 222.65  3.04
J193902.85+242306.2   7.055 0.014 244.44  4.67
DG____Sge             6.825 0.019 242.71  5.52
V474__Vul             6.928 0.009 208.83 12.15
V410__Vul             6.978 0.004 226.59  6.03
J194440.88+245526.9   8.027 0.096 259.87  5.99
BR____Vul             7.261 0.015 218.28  4.88
J194638.36+263626.3   7.572 0.063 233.91  9.22
V415__Vul             7.082 0.000 224.82  2.05
J296.7150+23.2350     7.205 0.051 201.61  7.82
J194709.17+230600.7   6.987 0.003 215.19  3.56
V1154_Cyg             7.893 0.002 245.73  5.11
S_____Vul             7.238 0.002 234.68  2.70
J297.2025+28.4100     8.797 0.109 216.26  7.93
DaubanV18             8.765 0.137 225.86  7.14
J297.7863+25.3136     7.334 0.009 226.17  1.57
EU____Cyg            12.375 0.459 230.81 12.24
SV____Vul             7.388 0.020 231.10  4.31
J298.2928+29.8739     8.220 0.067 214.39  7.62
J298.5070+26.9338     7.348 0.020 226.61 11.78
J195413.18+292039.1   7.402 0.006 236.35  7.40
EX____Cyg             7.526 0.015 245.82  4.17
J195424.41+301406.3   8.376 0.078 249.03  7.38
IY____Cyg             8.616 0.136 266.60  9.29
X_____Vul             7.685 0.011 221.61  2.92
DG____Vul             7.361 0.008 232.97  5.93
J299.6711+28.6617     7.688 0.043 229.23  7.64
HO____Vul             7.341 0.017 233.33  4.88
V1020_Cyg             7.621 0.010 250.61  8.76
GH____Cyg             7.486 0.007 232.51 10.23
GI____Cyg             7.638 0.010 228.36  3.13
J300.0102+29.1869     7.425 0.004 214.66  7.28
V1025_Cyg             7.702 0.035 219.55  6.99
KL____Aql             6.696 0.016 217.44  5.55
J200127.53+324812.0   7.717 0.021 242.79  6.14
J300.3673+31.6179     9.293 0.150 246.91  5.56
J300.5755+31.8564     8.692 0.085 209.05  5.30
V572_Aql              5.410 0.010 211.76  3.68
J300.8084+30.7858     8.724 0.154 246.90  5.01
V1467_Cyg             9.060 0.131 220.69  6.67
V1033_Cyg             7.699 0.016 218.78  7.66
J200636.68+323310.9   8.010 0.036 222.64 15.03
V1364_Cyg             8.283 0.068 254.76  8.40
V402__Cyg             7.783 0.001 226.27  5.75
V492__Cyg             7.867 0.015 232.88  4.07
J201113.71+321605.9   7.673 0.012 215.53  3.87
J201151.18+342447.2   8.181 0.045 234.55  7.44
J201309.07+323711.2   8.374 0.062 224.84  5.42
V2475_Cyg             7.808 0.012 228.84  4.65
V495__Cyg             7.743 0.001 227.67  5.75
V1046_Cyg             7.841 0.007 249.64  5.71
J201648.63+382036.2  10.287 0.144 218.78  8.45
V438__Cyg             7.903 0.001 227.24  6.41
J304.7290+37.9480    10.997 0.285 220.18  9.17
J304.8116+36.6097     7.874 0.010 244.47  1.83
J202341.18+382700.1   7.885 0.002 240.64  3.52
KX____Cyg             7.960 0.006 259.75 10.14
SZ____Cyg             8.190 0.016 266.75  6.12
V514__Cyg             8.133 0.006 227.26  4.17
J311.5581+43.2128     8.117 0.010 223.64  3.74
J205012.03+454156.1   9.889 0.087 207.88  7.90
V1662_Cyg             8.301 0.026 229.15  4.85
V1533_Cyg             8.746 0.040 222.04  9.92
T_____Vul             7.934 0.004 230.49  2.30
J313.3564+46.7215    11.744 0.146 208.98  4.06
J205425.66+454331.0   8.820 0.051 222.67  4.76
J314.4569+46.8984     8.660 0.027 234.40  3.00
J205916.93+443346.1   9.519 0.141 200.21  4.49
J314.9567+46.5590     8.729 0.037 217.53  3.18
VY____Cyg             8.085 0.007 239.24  5.78
J316.0894+45.2393    11.107 0.292 212.79  7.81
J210602.79+490633.2   9.771 0.089 210.92  8.06
DT____Cyg             7.984 0.003 240.49  0.94
V356__Cyg             9.379 0.085 208.80  4.80
J317.1508+49.2492    11.675 0.168 208.02 10.28
J318.1744+52.5020     8.629 0.026 225.54  4.46
Be55-107              8.642 0.032 235.24  2.58
J319.3998+49.7171     9.860 0.078 195.51  4.38
J212535.46+523911.8   9.230 0.046 208.48  3.96
V2340_Cyg             8.785 0.047 214.51  3.02
J322.4078+55.7970    11.612 0.164 237.99  5.13
V1726_Cyg             8.439 0.018 244.55  0.60
V621__Cyg             9.706 0.088 233.63  8.14
J323.3006+52.8836     8.931 0.029 219.43  3.00
V733__Cyg             9.223 0.041 213.53  5.81
V739__Cep            11.276 0.129 215.71  3.89
J213533.70+533049.3   9.574 0.046 205.79  2.14
J324.2208+52.2014    10.820 0.104 225.93  3.96
V538__Cyg             8.662 0.031 251.49  4.04
J213808.16+530545.8  10.629 0.088 222.54  4.00
J326.3266+54.4963     9.359 0.040 245.07  1.20
V2650_Cyg             9.573 0.060 216.40  7.78
V859__Cep            10.374 0.068 221.36  2.62
V860__Cep             9.430 0.045 214.10  4.50
J327.1206+53.0284     9.889 0.109 219.43  4.11
J215613.64+525909.7   9.622 0.066 222.01  3.59
IR____Cep             8.294 0.008 246.01  3.67
CP____Cep             9.474 0.054 253.66  9.30
BG____Lac             8.355 0.013 228.36  3.98
J330.6217+57.1439    11.352 0.104 207.62  4.36
IY____Cep            10.406 0.120 215.33  6.04
Y_____Lac             8.669 0.029 240.21  7.59
KO____Cep            10.007 0.062 212.09  5.04
J221347.38+552438.6  11.409 0.162 221.74  2.70
J221936.83+574243.6   9.896 0.054 209.70 11.03
J222004.81+560339.3  10.191 0.094 223.54  4.34
J335.2857+58.9209     9.680 0.041 212.38  2.19
DF____Lac            10.034 0.090 219.50  3.70
V411__Lac             8.396 0.011 225.32  1.46
del___Cep             8.164 0.004 228.02  3.57
V901__Cep             9.336 0.036 219.17  4.85
V911__Cep             9.311 0.034 224.27  4.15
V_____Lac             8.735 0.024 221.30  2.75
X_____Lac             8.788 0.028 236.99  2.59
V529__Cep             9.878 0.079 210.58  3.78
V342__Cas             9.850 0.078 226.78  4.97
SW____Cas             8.966 0.035 240.27  4.71
CH____Cas             9.565 0.046 234.71  4.60
CN____Cep             9.878 0.080 227.86  5.69
PW____Cas            11.177 0.110 223.27  3.99
V1020_Cas             9.803 0.056 212.06  3.61
V846__Cas            10.356 0.096 207.03  3.77
DT____Cas             9.956 0.074 189.75  3.05
RS____Cas             8.773 0.021 226.88  7.50
DW____Cas             9.350 0.059 231.02  4.34
CZ____Cas             9.920 0.056 203.36  4.67
CD____Cas             9.352 0.042 218.13  6.80
V407__Cas            10.432 0.077 211.85  2.88
V1206_Cas            10.568 0.096 237.48  3.28
DD____Cas             9.867 0.054 201.69  2.26
CE__Cas_A             9.476 0.070 207.39 13.66
CF____Cas             9.820 0.073 210.96  4.37
